camera_matrix:
- [616.9146983418932, 0.0, 325.29395833906585]
- [0.0, 614.5772021292437, 237.21919240941227]
- [0.0, 0.0, 1.0]
dist_coeff:
- [0.08239774008549038, -0.3440110914260757, 0.0017829431516281718, -0.0022494851395352886,
  0.5836049489219427]
