camera_matrix:
- [1025.0829354989728, 0.0, 654.0952490032096]
- [0.0, 1028.1707205331563, 422.3335073913339]
- [0.0, 0.0, 1.0]
dist_coeff:
- [0.1180661033874685, -0.4317729528710251, 0.009318445659394284, 0.005513145365065498,
  0.6501962723481494]
