camera_matrix:
- [613.0079376808515, 0.0, 327.0230049814467]
- [0.0, 608.1548195218026, 245.91167940327193]
- [0.0, 0.0, 1.0]
dist_coeff:
- [-0.04149574698603521, 0.8201526296871158, 0.008125595681325608, -0.0013686974339870571,
  -2.742656232758398]
